# Gegenereerd door Beckeringh Palace. Niet handmatig wijzigen.
# Bron: compiler/terminal_theme_renderer.py (opgelost EmberForge-materiaalthema)

TERM *

NORMAL 0
FILE 0
RESET 0
DIR 38;2;125;211;252;01
LINK 38;2;165;222;251;01
MULTIHARDLINK 0
FIFO 38;2;226;169;130
SOCK 38;2;201;137;91;01
DOOR 38;2;201;137;91;01
BLK 38;2;226;169;130;01
CHR 38;2;226;169;130;01
ORPHAN 38;2;248;113;113;01
MISSING 0
SETUID 37;41
SETGID 30;43
CAPABILITY 30;41
STICKY_OTHER_WRITABLE 30;42
OTHER_WRITABLE 34;42
STICKY 37;44
EXEC 38;2;74;222;128;01

# Archieven
.tar 38;2;201;137;91;01
.tgz 38;2;201;137;91;01
.arc 38;2;201;137;91;01
.arj 38;2;201;137;91;01
.taz 38;2;201;137;91;01
.lha 38;2;201;137;91;01
.lz4 38;2;201;137;91;01
.lzh 38;2;201;137;91;01
.lzma 38;2;201;137;91;01
.tlz 38;2;201;137;91;01
.txz 38;2;201;137;91;01
.tzo 38;2;201;137;91;01
.t7z 38;2;201;137;91;01
.zip 38;2;201;137;91;01
.z 38;2;201;137;91;01
.dz 38;2;201;137;91;01
.gz 38;2;201;137;91;01
.lrz 38;2;201;137;91;01
.lz 38;2;201;137;91;01
.lzo 38;2;201;137;91;01
.xz 38;2;201;137;91;01
.zst 38;2;201;137;91;01
.tzst 38;2;201;137;91;01
.bz2 38;2;201;137;91;01
.bz 38;2;201;137;91;01
.tbz 38;2;201;137;91;01
.tbz2 38;2;201;137;91;01
.tz 38;2;201;137;91;01
.deb 38;2;201;137;91;01
.rpm 38;2;201;137;91;01
.jar 38;2;201;137;91;01
.war 38;2;201;137;91;01
.ear 38;2;201;137;91;01
.sar 38;2;201;137;91;01
.rar 38;2;201;137;91;01
.alz 38;2;201;137;91;01
.ace 38;2;201;137;91;01
.zoo 38;2;201;137;91;01
.cpio 38;2;201;137;91;01
.7z 38;2;201;137;91;01
.rz 38;2;201;137;91;01
.cab 38;2;201;137;91;01
.wim 38;2;201;137;91;01
.swm 38;2;201;137;91;01
.dwm 38;2;201;137;91;01
.esd 38;2;201;137;91;01

# Beeld/video
.jpg 38;2;226;169;130
.jpeg 38;2;226;169;130
.mjpg 38;2;226;169;130
.mjpeg 38;2;226;169;130
.gif 38;2;226;169;130
.bmp 38;2;226;169;130
.pbm 38;2;226;169;130
.pgm 38;2;226;169;130
.ppm 38;2;226;169;130
.tga 38;2;226;169;130
.xbm 38;2;226;169;130
.xpm 38;2;226;169;130
.tif 38;2;226;169;130
.tiff 38;2;226;169;130
.png 38;2;226;169;130
.svg 38;2;226;169;130
.svgz 38;2;226;169;130
.mng 38;2;226;169;130
.pcx 38;2;226;169;130
.mov 38;2;226;169;130
.mpg 38;2;226;169;130
.mpeg 38;2;226;169;130
.m2v 38;2;226;169;130
.mkv 38;2;226;169;130
.webm 38;2;226;169;130
.webp 38;2;226;169;130
.ogm 38;2;226;169;130
.mp4 38;2;226;169;130
.m4v 38;2;226;169;130
.mp4v 38;2;226;169;130
.vob 38;2;226;169;130
.qt 38;2;226;169;130
.nuv 38;2;226;169;130
.wmv 38;2;226;169;130
.asf 38;2;226;169;130
.rm 38;2;226;169;130
.rmvb 38;2;226;169;130
.flc 38;2;226;169;130
.avi 38;2;226;169;130
.fli 38;2;226;169;130
.flv 38;2;226;169;130
.gl 38;2;226;169;130
.dl 38;2;226;169;130
.xcf 38;2;226;169;130
.xwd 38;2;226;169;130
.yuv 38;2;226;169;130
.cgm 38;2;226;169;130
.emf 38;2;226;169;130
.ogv 38;2;226;169;130
.ogx 38;2;226;169;130

# Audio
.aac 38;2;184;197;214
.au 38;2;184;197;214
.flac 38;2;184;197;214
.m4a 38;2;184;197;214
.mid 38;2;184;197;214
.midi 38;2;184;197;214
.mka 38;2;184;197;214
.mp3 38;2;184;197;214
.mpc 38;2;184;197;214
.ogg 38;2;184;197;214
.ra 38;2;184;197;214
.wav 38;2;184;197;214
.oga 38;2;184;197;214
.opus 38;2;184;197;214
.spx 38;2;184;197;214
.xspf 38;2;184;197;214
